,ADAUSDT,AVAXUSDT,BNBUSDT,BTCUSDT,DOGEUSDT,DOTUSDT,ETHUSDT,LUNAUSDT,SOLUSDT,XRPUSDT,total,total_sum
6,0.0,-0.0,-0.0,0.0,-0.0,-0.0,0.0,-0.0,0.0,0.0,0.026,0.026
7,-0.0,-0.0,-0.0,-0.0,-0.0,-0.0,-0.0,-0.0,-0.0,-0.0,-0.095,-0.069
8,0.0,0.0,0.0,0.0,0.0,0.0,0.001,0.0,0.0,0.0,0.365,0.296
9,0.0,0.0,0.0,0.0,0.001,0.0,0.0,-0.0,0.0,0.0,0.278,0.5740000000000001
10,0.0,0.0,0.0,-0.0,0.0,0.0,0.0,0.0,-0.0,0.0,0.172,0.746
11,0.0,0.0,0.0,0.0,0.0,0.0,0.0,0.0,-0.0,0.0,0.137,0.883
12,0.0,0.0,-0.0,-0.0,-0.0,0.0,-0.0,0.0,0.0,-0.0,-0.201,0.6819999999999999
13,-0.0,0.0,0.0,-0.0,0.0,-0.0,-0.0,0.001,-0.0,-0.0,0.121,0.8029999999999999
14,0.0,-0.0,-0.0,-0.0,0.0,-0.0,-0.0,-0.0,-0.0,0.0,-0.052,0.7509999999999999
15,0.0,0.0,0.0,0.001,0.0,0.0,0.0,0.0,0.001,0.0,0.462,1.2129999999999999
16,0.001,0.0,0.0,0.0,0.0,0.0,0.0,0.0,0.0,0.0,0.361,1.5739999999999998
17,0.0,0.0,-0.0,-0.0,-0.0,-0.0,-0.0,0.0,0.0,-0.0,-0.009,1.565
18,0.0,-0.0,0.0,0.0,0.0,0.0,0.0,0.0,0.0,0.0,0.233,1.798
19,0.0,-0.0,0.0,-0.0,-0.001,0.0,0.0,0.001,-0.0,-0.0,-0.039,1.7590000000000001
20,0.0,0.0,0.0,-0.0,0.0,0.0,0.0,-0.001,0.0,-0.0,0.085,1.844
21,-0.0,0.0,0.0,0.0,0.0,-0.0,-0.0,-0.0,-0.0,-0.0,0.015,1.859
22,-0.0,0.0,-0.0,-0.0,-0.0,-0.0,-0.0,0.0,-0.0,-0.0,-0.161,1.698
23,-0.0,0.0,0.0,0.0,-0.0,-0.0,0.0,0.0,-0.0,-0.0,0.004,1.702
24,-0.0,0.0,-0.0,-0.0,-0.0,-0.0,-0.0,-0.0,-0.0,-0.0,-0.139,1.563
25,-0.0,-0.0,-0.0,-0.0,-0.0,-0.0,-0.0,-0.0,-0.0,-0.002,-0.62,0.943
26,0.001,-0.0,0.0,0.0,0.0,0.0,0.0,0.0,0.0,0.0,0.34,1.283
27,-0.0,0.001,-0.0,-0.0,-0.0,-0.0,-0.0,-0.0,-0.0,-0.0,0.011,1.2939999999999998
28,0.0,0.0,-0.0,0.0,0.0,0.0,0.0,0.0,-0.0,0.0,0.029,1.3229999999999997
29,0.0,-0.0,0.001,0.0,0.0,0.0,0.0,0.0,0.001,0.0,0.489,1.8119999999999998
30,0.0,-0.0,0.0,0.0,0.0,0.0,0.0,0.0,-0.0,0.0,0.065,1.8769999999999998
31,-0.0,0.0,-0.0,-0.0,-0.0,-0.0,-0.0,0.0,-0.0,-0.0,-0.143,1.7339999999999998
32,0.0,-0.001,-0.0,-0.0,-0.0,-0.0,-0.0,0.0,-0.0,-0.0,-0.348,1.3859999999999997
33,0.0,-0.0,-0.0,-0.0,0.0,-0.0,0.0,-0.0,-0.0,0.0,-0.023,1.3629999999999998
34,0.001,0.002,0.0,0.0,0.0,0.0,-0.0,0.0,0.0,0.0,0.786,2.149
35,-0.0,-0.0,-0.0,-0.0,-0.0,0.0,-0.0,-0.0,-0.0,0.0,-0.009,2.14
36,0.0,0.0,0.0,0.0,0.0,0.0,0.0,0.001,0.0,0.001,0.402,2.5420000000000003
37,0.0,0.0,0.0,0.0,0.0,0.0,0.0,0.0,0.0,0.001,0.334,2.8760000000000003
38,0.0,-0.0,0.0,0.0,0.0,0.0,0.0,-0.0,-0.0,0.0,0.087,2.9630000000000005
39,-0.0,-0.0,-0.0,-0.0,0.0,-0.0,-0.0,-0.0,0.0,-0.0,-0.11,2.8530000000000006
40,-0.0,-0.0,-0.0,-0.001,-0.0,-0.0,-0.0,0.0,-0.001,-0.0,-0.322,2.5310000000000006
41,-0.0,0.0,-0.0,-0.0,0.0,-0.0,-0.0,0.0,0.0,-0.0,-0.104,2.4270000000000005
42,-0.0,-0.0,-0.0,-0.0,-0.0,-0.0,-0.0,-0.001,-0.0,-0.0,-0.247,2.1800000000000006
43,-0.0,0.0,-0.001,-0.0,-0.0,-0.0,-0.0,-0.0,-0.0,-0.0,-0.27,1.9100000000000006
44,0.0,-0.0,0.0,-0.0,0.0,0.0,-0.0,-0.0,-0.0,0.0,-0.114,1.7960000000000005
45,0.0,0.0,0.0,0.0,0.0,0.0,0.0,0.0,0.0,0.0,0.233,2.0290000000000004
46,0.0,0.0,0.0,0.0,0.0,0.0,0.0,-0.0,0.0,0.0,0.101,2.1300000000000003
47,0.0,0.0,0.0,0.0,0.0,0.0,0.0,-0.0,0.0,0.0,0.099,2.2290000000000005
48,-0.0,0.0,-0.0,-0.0,-0.0,-0.0,-0.0,-0.0,-0.0,-0.0,-0.102,2.1270000000000007
49,0.0,-0.0,0.0,-0.0,0.0,0.0,-0.0,0.0,-0.0,-0.0,-0.028,2.0990000000000006
50,-0.0,0.0,0.0,-0.0,-0.0,-0.0,-0.0,0.0,-0.0,-0.0,-0.107,1.9920000000000007
51,0.0,-0.0,-0.0,-0.0,0.0,-0.0,-0.0,0.0,-0.0,-0.0,-0.077,1.9150000000000007
52,0.0,-0.0,-0.0,-0.0,0.0,0.0,-0.0,-0.0,-0.0,0.0,-0.08,1.8350000000000006
53,0.0,0.0,0.0,0.0,0.0,-0.0,0.0,-0.0,-0.001,-0.0,-0.19,1.6450000000000007
54,0.0,0.0,0.0,0.0,0.0,0.0,0.0,0.0,-0.0,0.0,0.168,1.8130000000000006
55,0.0,-0.0,0.0,0.0,0.0,0.0,0.0,0.0,-0.0,0.0,0.016,1.8290000000000006
56,0.0,-0.0,0.0,0.0,0.0,0.0,0.0,0.0,0.0,0.0,0.148,1.9770000000000005
57,0.001,0.0,0.0,0.0,0.0,0.0,0.0,-0.0,-0.0,0.0,0.168,2.1450000000000005
58,-0.0,-0.0,-0.0,-0.0,-0.0,-0.0,-0.001,-0.0,-0.0,-0.0,-0.36,1.7850000000000006
59,-0.0,0.0,0.0,0.0,0.0,-0.0,-0.0,-0.0,0.0,-0.0,0.218,2.0030000000000006
60,0.0,-0.0,0.0,0.0,0.0,0.0,-0.0,0.0,0.0,0.0,0.064,2.0670000000000006
61,0.0,0.0,-0.0,-0.0,-0.0,0.0,-0.0,-0.0,0.0,-0.0,0.032,2.0990000000000006
62,0.0,0.0,0.0,0.0,0.0,0.0,0.0,0.0,0.0,0.0,0.032,2.1310000000000007
63,0.0,-0.0,-0.0,-0.001,-0.0,-0.0,-0.0,-0.0,-0.0,-0.0,-0.317,1.8140000000000007
64,-0.0,-0.0,-0.001,-0.0,-0.0,-0.0,-0.0,-0.0,-0.0,-0.001,-0.331,1.4830000000000008
65,0.0,0.0,0.0,0.0,0.0,0.0,0.0,0.0,0.0,0.0,0.137,1.6200000000000008
66,0.0,0.0,0.0,0.001,0.0,0.0,0.0,0.0,0.0,0.0,0.203,1.8230000000000008
67,0.001,0.0,0.0,0.0,0.0,0.0,0.0,0.0,-0.0,0.0,0.307,2.130000000000001
68,0.0,-0.0,0.0,0.0,0.0,0.0,0.0,-0.0,0.0,0.0,0.07,2.2000000000000006
69,-0.0,0.0,0.0,0.0,-0.0,0.0,-0.0,-0.0,0.0,0.0,0.033,2.2330000000000005
70,-0.0,-0.0,0.0,0.0,0.0,0.0,0.0,-0.0,0.0,-0.0,0.0,2.2330000000000005
71,-0.0,-0.0,-0.0,-0.0,-0.0,-0.0,-0.0,-0.0,-0.0,-0.0,-0.098,2.1350000000000007
72,-0.0,-0.0,-0.0,-0.001,-0.0,-0.0,-0.0,-0.0,-0.0,-0.0,-0.204,1.9310000000000007
73,0.0,0.0,0.0,-0.0,0.0,0.0,-0.0,0.001,0.0,-0.0,0.242,2.173000000000001
74,0.0,-0.0,0.0,0.0,0.0,0.0,0.0,0.0,0.0,0.0,0.1,2.273000000000001
75,0.0,0.0,0.001,0.0,0.0,0.0,0.0,0.0,0.0,0.0,0.239,2.512000000000001
76,-0.0,0.0,0.0,-0.0,0.0,0.0,-0.0,0.0,-0.0,-0.0,-0.077,2.435000000000001
77,0.0,0.0,0.0,0.0,0.0,0.0,0.0,0.0,0.0,0.0,0.146,2.581000000000001
78,-0.0,-0.0,0.0,0.0,0.0,-0.0,-0.0,-0.0,-0.0,-0.0,0.039,2.620000000000001
79,-0.0,-0.0,-0.0,0.0,0.0,0.0,-0.0,-0.0,-0.0,0.0,-0.06,2.560000000000001
80,0.0,-0.0,0.0,0.0,-0.0,0.0,0.0,0.0,-0.0,0.0,0.01,2.5700000000000007
81,-0.0,0.0,0.0,0.0,0.0,0.0,0.0,-0.0,-0.0,0.0,0.045,2.6150000000000007
82,0.0,-0.0,0.0,0.0,0.0,0.0,0.0,0.0,0.0,0.0,0.106,2.7210000000000005
83,0.0,0.0,0.0,0.0,-0.0,0.0,0.0,0.0,-0.0,0.0,0.04,2.7610000000000006
84,-0.0,-0.001,-0.0,-0.0,-0.0,-0.0,-0.0,-0.0,-0.0,-0.0,-0.275,2.4860000000000007
85,-0.0,0.0,0.0,0.0,0.0,-0.0,0.0,0.0,-0.0,0.0,0.034,2.5200000000000005
86,0.0,0.0,0.0,0.001,0.0,0.0,0.0,0.0,0.0,0.0,0.126,2.6460000000000004
87,-0.0,-0.0,0.0,-0.001,0.0,-0.0,-0.0,0.0,0.0,-0.0,-0.169,2.4770000000000003
88,0.0,-0.0,0.0,0.0,0.0,0.0,0.0,0.0,0.0,0.0,0.119,2.596
89,0.0,0.0,0.0,0.0,0.0,0.0,0.0,-0.0,0.0,0.0,0.133,2.729
90,-0.0,0.0,-0.0,0.0,-0.0,0.0,0.0,-0.0,0.0,0.0,0.001,2.73
91,0.0,0.002,-0.0,-0.0,-0.0,-0.0,-0.0,0.0,0.0,-0.0,0.437,3.167
92,-0.0,-0.0,-0.0,-0.0,0.0,-0.0,-0.0,-0.0,-0.0,-0.0,-0.11,3.057
93,0.0,-0.0,0.0,0.0,0.0,0.0,0.0,0.0,0.0,0.0,-0.013,3.044
94,0.0,0.0,-0.0,0.0,-0.0,0.0,0.0,-0.0,0.0,0.0,-0.061,2.983
95,-0.0,-0.0,-0.0,-0.0,0.0,-0.0,-0.0,0.0,-0.0,-0.0,0.028,3.011
96,0.0,0.0,0.0,0.0,0.0,0.0,0.0,0.0,0.0,0.0,0.026,3.037
97,-0.0,0.0,-0.0,-0.0,-0.0,-0.0,-0.0,-0.0,-0.0,-0.0,-0.061,2.976
98,0.0,0.0,-0.0,0.0,-0.0,0.0,-0.0,0.0,-0.0,-0.0,-0.08,2.896
99,0.0,0.0,0.0,0.0,0.001,0.0,0.0,-0.0,0.0,0.0,0.277,3.173
100,-0.0,0.0,0.0,-0.0,0.001,0.0,0.0,-0.0,0.0,0.0,0.183,3.356
101,0.0,-0.002,0.0,0.0,0.0,0.0,0.0,-0.0,0.0,0.0,-0.414,2.9419999999999997
102,0.0,0.0,0.0,0.0,0.0,0.0,0.0,0.0,0.0,0.0,0.241,3.183
103,0.0,-0.0,0.0,0.0,0.0,0.0,0.0,0.0,-0.0,0.0,0.054,3.2369999999999997
104,-0.0,0.0,0.0,0.0,-0.0,0.0,0.0,0.0,0.0,0.001,0.107,3.344
105,-0.0,-0.0,-0.0,-0.0,-0.0,-0.0,-0.0,-0.0,-0.0,-0.001,-0.255,3.089
106,-0.0,-0.0,0.0,-0.0,-0.0,0.0,0.0,-0.0,-0.0,0.0,0.115,3.204
107,-0.0,-0.0,-0.001,-0.0,-0.0,-0.0,-0.001,-0.0,-0.0,-0.0,-0.272,2.9320000000000004
108,0.0,0.0,0.001,0.0,0.0,0.0,0.0,0.0,-0.0,0.0,0.258,3.1900000000000004
109,0.0,0.0,0.0,0.0,0.0,0.0,-0.0,-0.0,-0.0,0.0,-0.01,3.1800000000000006
110,-0.0,0.0,0.0,-0.0,-0.0,-0.0,-0.0,0.0,0.0,-0.0,0.086,3.2660000000000005
111,0.0,-0.0,-0.0,-0.001,-0.0,-0.0,-0.0,-0.0,-0.0,-0.0,-0.32,2.9460000000000006
112,-0.0,-0.0,-0.001,-0.0,-0.0,-0.0,-0.001,-0.0,-0.001,-0.001,-0.516,2.4300000000000006
113,0.0,-0.0,-0.0,-0.0,-0.0,-0.0,-0.0,-0.0,-0.001,-0.0,-0.205,2.2250000000000005
114,0.0,0.0,0.0,0.0,0.0,0.0,0.001,0.0,0.0,0.001,0.426,2.6510000000000007
115,-0.0,-0.0,-0.0,-0.001,-0.0,-0.0,-0.0,0.0,-0.0,-0.001,-0.274,2.3770000000000007
116,-0.0,0.0,0.0,-0.001,-0.0,-0.0,-0.0,0.0,-0.0,-0.0,-0.137,2.2400000000000007
117,-0.0,-0.0,-0.0,-0.001,0.0,-0.0,-0.0,-0.0,-0.0,-0.0,-0.118,2.1220000000000008
118,-0.0,-0.0,-0.0,-0.0,-0.001,-0.0,-0.0,-0.0,-0.0,-0.0,-0.167,1.9550000000000007
119,0.0,-0.0,0.0,0.0,-0.0,0.0,0.0,-0.0,0.0,0.0,-0.004,1.9510000000000007
120,0.0,0.0,0.0,0.0,0.0,0.0,0.0,-0.0,0.0,0.0,0.083,2.0340000000000007
121,0.0,0.0,0.0,0.0,0.001,0.0,0.0,0.0,0.0,0.0,0.164,2.198000000000001
122,0.0,0.0,0.0,0.001,0.001,0.0,0.0,0.0,0.0,0.0,0.257,2.455000000000001
123,-0.0,-0.0,-0.0,-0.002,-0.0,-0.0,-0.0,-0.0,-0.0,-0.0,-0.416,2.039000000000001
124,0.0,0.0,0.0,0.0,-0.0,-0.0,0.0,0.0,-0.0,-0.0,0.017,2.056000000000001
125,0.0,-0.0,0.0,0.001,0.0,0.0,0.0,0.0,0.0,0.0,0.198,2.254000000000001
126,-0.0,-0.0,0.0,-0.001,0.0,0.0,-0.0,0.0,-0.0,0.0,-0.109,2.145000000000001
127,0.0,0.0,0.0,0.001,0.0,0.0,0.0,0.0,0.0,0.0,0.131,2.2760000000000007
128,0.0,0.0,0.0,0.0,0.0,0.0,0.0,-0.0,0.0,0.0,0.106,2.3820000000000006
129,0.0,0.001,-0.0,0.0,-0.0,0.0,0.0,-0.0,0.0,0.0,0.097,2.4790000000000005
130,0.0,-0.0,0.0,0.0,0.0,0.0,0.0,0.0,0.0,0.0,0.036,2.5150000000000006
131,-0.0,-0.0,-0.0,-0.0,-0.0,-0.0,-0.0,-0.0,-0.0,-0.0,-0.085,2.4300000000000006
132,-0.0,-0.0,-0.0,-0.0,-0.0,-0.0,-0.0,-0.0,-0.0,-0.0,-0.235,2.1950000000000007
133,-0.0,0.0,0.0,-0.0,0.0,-0.0,-0.0,0.0,-0.0,-0.0,0.032,2.2270000000000008
134,0.0,-0.0,0.0,0.0,0.0,0.0,0.0,0.0,0.0,0.0,0.088,2.315000000000001
135,0.0,0.0,0.0,0.0,0.0,0.0,0.0,0.0,0.0,0.002,0.288,2.6030000000000006
136,0.0,0.0,0.0,-0.0,0.0,0.0,-0.0,-0.0,0.0,0.0,0.053,2.6560000000000006
137,0.0,-0.0,0.0,0.0,0.0,0.0,-0.0,-0.0,0.0,0.0,0.072,2.7280000000000006
138,0.0,0.0,-0.0,0.0,0.001,0.0,0.0,-0.0,-0.0,0.0,0.182,2.9100000000000006
139,0.0,0.0,-0.0,-0.0,-0.001,-0.0,-0.0,-0.0,-0.0,-0.0,-0.163,2.7470000000000008
140,0.0,0.0,0.0,0.001,0.0,0.0,0.0,0.0,0.0,0.0,0.225,2.972000000000001
141,0.002,-0.0,0.0,0.0,0.0,0.0,0.0,0.0,-0.0,0.0,0.273,3.245000000000001
142,0.0,0.0,0.0,-0.0,0.0,0.0,0.0,0.0,0.0,0.0,0.109,3.354000000000001
143,-0.001,0.0,0.0,0.0,-0.0,0.0,0.0,0.0,0.0,-0.0,-0.142,3.212000000000001
144,0.0,0.0,0.0,0.0,0.0,-0.0,0.0,0.0,0.0,-0.0,0.174,3.386000000000001
145,0.0,-0.0,-0.0,0.0,-0.0,0.0,-0.0,0.0,0.0,-0.0,0.02,3.406000000000001
146,0.0,0.0,0.0,-0.0,0.0,0.0,0.0,-0.0,0.0,-0.0,0.01,3.416000000000001
147,0.0,-0.0,-0.0,0.0,0.0,0.0,0.0,-0.0,0.0,-0.0,-0.0,3.416000000000001
148,0.0,0.0,0.0,0.0,0.0,0.001,0.0,-0.0,0.0,0.0,0.258,3.674000000000001
149,-0.0,0.0,0.0,-0.0,-0.0,-0.0,-0.0,0.0,-0.0,-0.0,-0.042,3.632000000000001
150,0.0,0.0,0.001,0.0,0.0,0.0,0.0,0.001,0.0,0.0,0.309,3.941000000000001
151,0.0,-0.001,0.0,-0.0,0.0,-0.0,0.0,-0.0,-0.0,0.0,-0.113,3.828000000000001
152,0.0,-0.001,0.0,-0.0,-0.0,0.0,0.0,0.0,-0.0,0.0,-0.095,3.733000000000001
153,-0.0,-0.0,-0.0,-0.0,0.0,-0.0,-0.0,-0.0,-0.0,-0.0,-0.076,3.657000000000001
154,-0.0,-0.002,0.0,-0.0,-0.0,-0.0,0.0,0.0,-0.0,-0.0,-0.354,3.303000000000001
155,0.0,0.001,0.001,0.0,0.0,0.0,0.0,0.0,0.0,0.0,0.26,3.5630000000000006
156,0.0,0.0,0.0,0.0,0.0,0.0,0.0,0.0,0.0,0.0,0.035,3.5980000000000008
157,0.0,-0.0,0.0,0.0,0.001,0.0,0.0,0.001,-0.0,0.0,0.184,3.782000000000001
158,0.0,0.0,0.0,0.0,0.0,-0.0,-0.0,0.0,0.0,0.0,0.001,3.783000000000001
159,0.0,0.0,0.0,0.001,0.0,0.0,0.0,0.0,0.0,0.0,0.146,3.9290000000000007
160,0.0,0.0,0.0,0.0,0.0,0.0,-0.0,0.001,0.0,0.0,0.181,4.11
161,0.001,0.0,0.0,0.0,0.0,0.0,0.0,0.0,-0.0,0.0,0.133,4.243
162,0.0,-0.0,-0.0,0.0,-0.0,-0.0,0.0,0.001,0.0,0.0,0.153,4.396
163,-0.0,-0.0,0.0,0.0,0.0,-0.0,0.0,0.0,0.0,0.0,-0.024,4.372
164,0.0,0.0,-0.0,-0.0,0.0,0.0,-0.0,-0.0,0.0,-0.0,0.087,4.459
165,0.0,0.0,0.0,0.0,0.0,0.0,0.001,0.0,0.001,0.0,0.276,4.734999999999999
166,0.0,0.0,0.0,-0.0,0.0,0.0,-0.0,0.0,0.0,-0.0,0.006,4.741
167,-0.0,-0.0,0.0,0.0,-0.0,0.0,0.0,0.0,0.0,-0.0,-0.109,4.632
168,0.0,0.001,0.0,0.0,0.003,0.002,0.0,0.0,0.0,0.003,1.149,5.781
169,0.0,0.001,0.001,0.0,0.0,0.0,-0.0,0.0,0.0,0.0,0.194,5.975
170,0.0,0.0,0.002,0.0,0.0,0.0,0.0,0.0,0.0,0.0,0.258,6.233
171,-0.0,0.0,-0.002,-0.0,-0.0,0.0,-0.0,-0.0,-0.0,-0.0,-0.267,5.965999999999999
172,-0.0,0.0,-0.001,-0.0,0.0,-0.0,0.0,0.0,-0.0,-0.0,-0.042,5.9239999999999995
173,0.0,0.003,0.0,0.0,0.0,0.0,0.0,-0.0,0.0,0.0,0.376,6.3
174,-0.0,-0.0,0.0,-0.0,-0.0,-0.0,-0.0,-0.0,-0.0,-0.0,-0.048,6.252
175,0.0,0.002,0.0,-0.0,0.0,0.0,0.0,0.0,-0.0,0.0,0.265,6.5169999999999995
176,0.0,0.0,-0.0,-0.001,-0.001,-0.0,-0.0,-0.0,-0.0,-0.0,-0.163,6.353999999999999
177,0.0,-0.0,-0.0,-0.0,-0.0,0.0,-0.0,-0.0,-0.0,-0.0,-0.075,6.278999999999999
178,-0.002,-0.0,-0.0,-0.003,-0.0,-0.0,-0.0,-0.001,-0.0,-0.0,-0.605,5.6739999999999995
179,0.0,0.0,0.0,0.001,0.0,0.0,0.0,-0.0,0.0,0.0,0.16,5.834
180,0.0,0.0,0.001,0.0,0.0,0.0,0.0,0.0,0.003,0.0,0.511,6.345
181,0.0,-0.0,-0.0,-0.0,-0.0,0.0,0.0,-0.0,0.0,-0.0,-0.05,6.295
182,0.0,-0.0,0.0,0.0,-0.0,0.0,-0.0,-0.0,0.0,-0.0,0.037,6.332
183,0.0,-0.0,0.0,-0.0,-0.0,0.0,0.0,0.0,0.0,-0.0,-0.038,6.294
184,0.0,-0.0,0.0,0.001,0.0,0.0,0.0,0.0,0.001,0.0,0.141,6.435
185,-0.0,-0.0,-0.0,-0.001,-0.0,-0.0,-0.0,0.0,-0.0,-0.0,-0.141,6.294
186,0.0,0.0,-0.0,-0.0,-0.0,0.0,-0.0,-0.0,-0.0,-0.0,-0.074,6.22
187,-0.0,0.0,-0.0,0.0,-0.0,-0.0,0.0,0.0,0.0,0.0,0.062,6.282
188,-0.0,0.001,0.0,0.0,0.0,0.0,-0.0,0.0,0.0,0.0,0.12,6.402
189,0.0,0.001,0.0,0.0,0.0,0.0,0.0,0.0,-0.0,0.0,0.205,6.607
190,0.0,0.0,0.0,0.002,0.0,0.0,0.0,0.0,0.0,0.0,0.214,6.821000000000001
191,0.0,0.003,0.0,0.0,0.0,0.0,0.001,0.0,0.0,0.0,0.446,7.267
192,0.0,0.0,0.001,0.0,0.0,0.0,0.0,0.0,0.001,0.0,0.253,7.5200000000000005
193,-0.0,-0.001,-0.001,-0.0,-0.0,-0.0,-0.0,-0.0,-0.0,-0.0,-0.238,7.282
194,-0.0,-0.0,-0.0,-0.0,-0.0,0.0,-0.0,-0.0,-0.001,-0.0,-0.188,7.094
195,0.0,0.0,0.001,0.0,0.0,0.0,0.0,0.0,0.0,-0.0,0.12,7.214
196,0.0,0.0,-0.0,0.0,-0.0,0.0,0.0,0.0,0.002,0.0,0.209,7.423
197,0.0,0.0,0.0,0.0,0.0,0.0,0.0,0.0,0.001,0.0,0.223,7.646
198,0.0,-0.0,0.001,-0.0,0.0,0.0,-0.0,-0.0,0.0,-0.001,-0.008,7.638
199,0.0,0.0,0.0,0.0,0.0,0.001,0.0,0.0,0.0,0.001,0.195,7.833
200,-0.0,0.0,-0.0,0.0,0.0,0.0,0.0,-0.0,0.0,0.0,0.043,7.876
201,0.0,0.0,-0.0,-0.0,0.0,0.0,-0.0,-0.0,-0.0,0.0,-0.005,7.871
202,-0.0,0.0,-0.0,-0.0,0.001,0.0,-0.0,-0.0,-0.0,-0.0,0.057,7.928000000000001
203,0.0,0.0,-0.0,0.0,-0.0,0.001,-0.0,-0.0,0.0,-0.0,0.093,8.021
204,-0.0,-0.002,-0.0,-0.0,-0.001,-0.001,-0.0,-0.0,0.0,-0.0,-0.401,7.620000000000001
205,-0.0,-0.0,0.0,-0.0,-0.0,-0.0,-0.0,-0.003,-0.0,0.0,-0.271,7.349000000000001
206,-0.0,-0.0,-0.001,-0.0,-0.0,-0.0,-0.0,-0.002,-0.0,0.0,-0.272,7.077000000000001
207,0.0,-0.0,0.0,-0.0,0.0,-0.0,-0.0,0.0,-0.0,-0.001,-0.057,7.0200000000000005
208,0.0,-0.0,-0.0,-0.0,-0.0,-0.0,-0.0,-0.0,-0.0,-0.0,-0.03,6.99
209,0.0,-0.0,0.0,0.0,-0.0,-0.0,0.0,0.0,0.001,-0.0,0.017,7.007000000000001
210,0.0,-0.0,0.0,0.0,0.0,-0.0,0.0,0.0,0.0,0.0,0.007,7.014
211,-0.0,0.001,0.0,-0.0,-0.0,0.0,-0.0,0.0,-0.0,0.0,0.13,7.144
212,0.0,-0.001,0.0,-0.0,0.0,0.0,-0.0,0.0,0.0,-0.0,-0.065,7.079
213,-0.0,-0.0,-0.0,-0.0,0.0,0.0,-0.0,-0.0,-0.0,-0.0,-0.07,7.0089999999999995
214,-0.001,-0.0,0.0,-0.0,-0.0,-0.001,-0.0,-0.0,-0.0,-0.001,-0.286,6.723
215,0.0,-0.0,-0.0,0.0,-0.0,-0.0,-0.0,-0.0,-0.0,-0.0,0.023,6.7459999999999996
216,-0.0,0.0,-0.0,-0.0,-0.0,0.0,0.0,-0.0,0.0,-0.0,-0.06,6.686
217,0.0,0.0,0.0,0.0,0.0,0.0,0.0,0.0,0.0,0.0,0.054,6.74
218,0.0,0.0,0.0,0.0,0.0,0.0,0.0,0.0,0.0,0.0,0.095,6.835
219,0.0,-0.0,0.001,0.0,0.0,0.0,0.0,0.0,0.0,0.0,0.104,6.939
220,0.0,0.001,0.0,0.0,0.0,0.0,0.0,0.0,0.0,0.0,0.181,7.12
221,-0.0,-0.001,-0.0,0.0,-0.0,0.0,0.0,-0.0,0.0,-0.0,-0.047,7.073
222,-0.0,-0.0,-0.0,-0.0,-0.0,-0.0,-0.001,-0.0,-0.001,-0.0,-0.147,6.926
223,-0.0,0.001,0.0,0.0,0.0,0.0,0.001,0.0,0.0,0.0,0.128,7.054
224,0.0,0.0,0.0,-0.0,0.0,-0.0,0.0,0.0,-0.0,-0.0,0.05,7.104
225,0.0,0.0,-0.0,-0.0,-0.0,0.0,-0.002,0.0,-0.0,0.0,-0.114,6.99
226,0.0,-0.0,0.0,0.0,0.0,0.0,0.0,0.0,0.0,0.001,0.129,7.119
227,0.0,0.0,0.0,-0.0,0.0,0.0,-0.0,0.0,-0.0,0.0,0.028,7.146999999999999
228,-0.001,0.0,-0.0,-0.0,-0.0,0.0,-0.0,-0.0,-0.0,-0.0,-0.054,7.092999999999999
229,0.0,0.001,-0.0,-0.0,0.0,0.0,-0.0,-0.0,0.0,0.0,0.083,7.175999999999999
230,0.0,-0.0,-0.001,0.0,0.0,0.0,0.0,0.0,0.0,0.0,-0.105,7.070999999999999
231,0.0,-0.0,0.0,0.0,0.0,0.001,0.0,0.0,0.0,0.0,0.058,7.128999999999999
232,0.0,0.0,0.0,0.0,0.0,0.001,0.0,0.0,0.0,-0.0,0.065,7.193999999999999
233,0.0,0.0,0.0,0.0,0.0,0.0,0.0,0.0,-0.0,0.0,0.042,7.235999999999999
234,-0.0,-0.0,0.0,0.0,0.0,0.0,0.0,0.0,-0.0,0.001,0.07,7.305999999999999
235,-0.0,0.0,-0.0,-0.001,-0.0,-0.0,-0.0,-0.0,-0.0,-0.001,-0.114,7.191999999999999
236,-0.0,-0.0,-0.0,-0.0,-0.0,0.0,-0.0,-0.0,-0.0,-0.0,-0.041,7.150999999999999
237,-0.0,-0.001,-0.0,-0.0,-0.0,-0.0,-0.0,-0.0,-0.0,-0.001,-0.146,7.004999999999999
238,-0.0,-0.001,-0.0,-0.0,-0.0,-0.0,-0.0,-0.0,-0.0,0.0,-0.046,6.958999999999999
239,0.0,-0.0,0.0,0.0,0.0,0.0,0.0,0.0,0.0,0.0,-0.007,6.951999999999999
240,0.0,0.001,0.0,0.0,0.0,0.0,0.0,0.0,0.002,0.0,0.142,7.093999999999999
241,-0.0,0.0,-0.0,-0.0,-0.0,-0.0,-0.0,-0.0,-0.0,-0.0,-0.02,7.074
242,0.0,0.0,0.0,0.0,-0.0,0.0,0.0,-0.0,0.0,0.0,0.0,7.074
243,-0.0,-0.0,-0.0,-0.0,0.0,-0.0,-0.0,0.0,-0.0,0.0,-0.014,7.06
244,0.0,0.0,0.0,0.0,0.0,-0.0,0.0,0.001,0.0,0.0,0.079,7.138999999999999
245,0.0,0.0,-0.0,-0.0,-0.0,0.0,0.0,0.0,0.0,-0.001,-0.033,7.105999999999999
246,0.0,-0.0,0.0,0.0,0.0,0.001,0.0,0.0,0.0,0.0,0.04,7.145999999999999
247,0.0,0.0,0.0,-0.0,0.0,0.0,0.0,-0.0,-0.0,-0.0,-0.01,7.135999999999999
248,0.0,0.0,0.0,0.0,0.0,0.0,0.0,0.0,0.0,0.0,0.036,7.171999999999999
249,-0.0,0.0,-0.0,0.0,-0.0,-0.0,0.0,-0.0,-0.0,-0.0,-0.013,7.158999999999999
250,-0.0,-0.001,-0.0,-0.002,-0.0,-0.0,-0.0,-0.0,-0.0,-0.0,-0.142,7.016999999999999
251,-0.0,-0.0,-0.0,-0.0,0.0,-0.0,-0.0,-0.0,-0.0,-0.0,-0.049,6.967999999999998
252,-0.0,-0.0,-0.0,-0.0,-0.0,-0.0,-0.0,-0.0,0.0,-0.0,-0.017,6.950999999999998
253,-0.0,-0.0,-0.0,-0.0,0.0,-0.0,-0.0,-0.0,-0.0,-0.0,-0.022,6.928999999999998
254,0.0,0.0,0.0,0.0,0.0,0.0,0.0,0.001,0.0,0.0,0.041,6.969999999999998
255,-0.0,-0.001,-0.0,-0.0,-0.0,-0.0,-0.0,0.0,-0.0,0.0,-0.044,6.925999999999998
256,-0.0,-0.0,-0.0,-0.001,-0.0,-0.0,-0.0,-0.0,-0.0,-0.0,-0.052,6.873999999999999
257,0.0,-0.0,0.0,-0.0,-0.0,0.0,-0.0,0.0,-0.0,0.0,-0.011,6.862999999999999
258,-0.0,-0.0,-0.0,-0.002,-0.0,-0.0,-0.0,0.0,-0.0,-0.0,-0.073,6.789999999999998
259,0.0,-0.0,-0.0,-0.0,-0.0,-0.0,-0.0,-0.0,-0.0,-0.0,-0.01,6.7799999999999985
260,0.0,0.001,0.0,0.0,0.001,0.0,0.0,0.0,0.0,0.0,0.062,6.841999999999999
261,0.0,0.0,0.0,0.0,0.0,0.0,0.002,0.0,0.0,0.0,0.099,6.940999999999999
262,-0.0,0.0,-0.0,-0.0,0.0,-0.0,-0.0,0.0,-0.0,-0.0,-0.005,6.935999999999999
263,-0.0,-0.0,-0.0,-0.0,-0.0,-0.0,-0.0,0.0,-0.001,-0.0,-0.043,6.892999999999999
264,0.0,-0.0,0.0,0.0,0.0,0.0,0.0,-0.0,0.0,0.0,0.021,6.913999999999999
265,-0.0,-0.0,-0.0,-0.0,-0.0,-0.0,-0.0,-0.0,-0.002,-0.0,-0.065,6.848999999999998
266,-0.0,0.001,-0.0,-0.0,-0.0,0.0,-0.0,-0.0,-0.0,-0.0,0.015,6.863999999999998
267,0.0,0.0,-0.0,0.0,0.0,0.0,0.0,0.0,0.0,0.0,0.019,6.882999999999998
268,-0.0,-0.0,-0.001,-0.0,-0.0,-0.0,-0.0,-0.002,-0.0,-0.0,-0.082,6.800999999999998
269,0.0,0.0,0.0,0.0,0.002,0.0,0.0,0.0,0.0,0.0,0.07,6.870999999999999
270,0.0,-0.0,0.0,0.0,-0.0,0.0,0.0,-0.0,0.0,0.0,0.009,6.879999999999999
271,0.0,0.0,0.0,0.0,0.001,0.0,0.0,0.0,0.0,0.0,0.039,6.918999999999999
272,0.0,-0.0,-0.0,-0.0,0.0,-0.0,-0.0,-0.0,0.0,0.0,0.001,6.919999999999999
273,0.0,0.0,0.0,0.0,0.001,-0.0,0.0,0.0,0.001,0.0,0.034,6.953999999999999
274,-0.0,-0.0,-0.0,-0.0,-0.0,-0.0,-0.0,0.0,-0.001,0.0,-0.013,6.940999999999999
275,0.0,-0.0,-0.0,0.0,-0.0,0.0,0.0,0.0,0.0,0.0,0.007,6.947999999999999
276,-0.0,-0.0,0.0,0.0,0.0,0.0,0.0,0.0,0.0,-0.0,-0.011,6.9369999999999985
277,0.0,0.0,0.0,-0.0,0.0,-0.0,-0.0,0.0,0.0,0.0,0.004,6.940999999999998
278,-0.0,-0.0,0.0,-0.0,-0.0,-0.0,-0.0,0.0,-0.0,-0.0,-0.012,6.9289999999999985
279,-0.0,-0.0,-0.0,-0.0,-0.0,-0.0,-0.001,-0.001,-0.0,-0.001,-0.064,6.864999999999998
280,0.0,0.0,0.0,0.0,0.003,0.0,0.0,0.0,0.0,0.0,0.054,6.918999999999999
281,0.0,-0.0,-0.001,-0.0,0.0,-0.0,0.0,-0.0,-0.0,0.0,-0.012,6.906999999999999
282,0.0,0.0,0.0,0.0,0.0,0.0,0.0,-0.0,-0.0,0.0,0.006,6.912999999999999
283,-0.0,-0.0,-0.0,-0.0,0.0,0.0,0.0,0.0,0.0,0.0,-0.005,6.9079999999999995
284,0.0,0.0,0.001,0.0,0.0,0.0,0.0,0.0,0.0,0.0,0.013,6.920999999999999
285,0.0,0.0,0.0,0.0,0.0,-0.0,0.0,0.001,0.0,0.0,0.015,6.935999999999999
286,-0.001,-0.0,-0.0,-0.0,-0.0,-0.0,-0.0,0.0,-0.0,-0.0,-0.018,6.917999999999999
287,-0.0,-0.0,-0.0,-0.0,-0.0,-0.0,-0.0,-0.0,-0.0,-0.002,-0.022,6.895999999999999
288,0.0,-0.0,-0.0,-0.0,-0.0,-0.0,-0.0,-0.0,-0.0,-0.0,-0.001,6.894999999999999
289,0.0,-0.0,-0.0,-0.0,0.0,0.0,-0.0,-0.0,-0.0,-0.0,-0.002,6.892999999999999
290,0.0,0.0,0.0,0.001,0.0,0.0,0.001,0.0,0.0,0.0,0.017,6.909999999999999
291,0.0,0.0,0.0,0.0,0.0,0.0,0.0,0.0,0.0,0.0,0.0,6.909999999999999
292,0.0,-0.0,0.0,0.0,0.0,0.0,0.0,-0.0,-0.0,0.0,0.0,6.909999999999999
293,0.0,0.0,0.0,0.0,0.001,0.0,0.0,0.0,0.0,0.0,0.004,6.913999999999999
294,0.0,0.0,0.0,0.0,0.001,-0.0,0.0,0.0,0.0,0.0,0.007,6.9209999999999985
295,0.0,0.0,0.0,0.0,0.001,0.0,0.0,-0.0,0.0,0.0,0.005,6.925999999999998
296,0.0,0.0,0.0,0.0,0.0,-0.0,0.0,0.0,0.0,0.0,0.001,6.926999999999999
297,-0.0,-0.0,-0.0,-0.0,-0.0,0.0,-0.0,0.001,-0.0,-0.0,0.001,6.927999999999999
298,0.0,0.0,-0.0,0.0,-0.0,0.0,0.0,0.0,0.0,0.0,0.001,6.928999999999999
