,ADAUSDT,AVAXUSDT,BNBUSDT,BTCUSDT,DOGEUSDT,DOTUSDT,ETHUSDT,LUNAUSDT,SOLUSDT,XRPUSDT
0-5,0.0,0.0,0.489,0.108,0.0,0.0,0.403,0.0,0.0,0.0
1-6,0.0,0.0,0.232,0.368,0.0,0.0,0.399,0.0,0.0,0.0
2-7,0.0,0.0,0.226,0.359,0.0,0.0,0.416,0.0,0.0,0.0
3-8,0.0,0.0,0.344,0.0,0.41,0.0,0.246,0.0,0.0,0.0
4-9,0.0,0.088,0.0,0.759,0.154,0.0,0.0,0.0,0.0,0.0
5-10,0.0,0.0,0.0,0.778,0.222,0.0,0.0,0.0,0.0,0.0
6-11,0.0,0.0,0.0,0.732,0.268,0.0,0.0,0.0,0.0,0.0
7-12,0.0,0.0,0.0,0.127,0.191,0.0,0.291,0.23,0.16,0.0
8-13,0.0,0.0,0.0,0.739,0.006,0.0,0.0,0.138,0.118,0.0
9-14,0.0,0.0,0.0,0.739,0.0,0.0,0.0,0.047,0.214,0.0
10-15,0.418,0.0,0.0,0.0,0.387,0.0,0.0,0.195,0.0,0.0
11-16,0.0,0.0,0.0,0.0,0.353,0.0,0.0,0.214,0.0,0.433
12-17,0.106,0.0,0.001,0.088,0.393,0.0,0.0,0.252,0.0,0.16
13-18,0.0,0.029,0.0,0.0,0.702,0.0,0.0,0.269,0.0,0.0
14-19,0.174,0.028,0.029,0.006,0.212,0.0,0.0,0.467,0.077,0.006
15-20,0.0,0.155,0.18,0.038,0.06,0.04,0.231,0.25,0.045,0.001
16-21,0.0,0.163,0.524,0.0,0.0,0.0,0.118,0.194,0.0,0.0
17-22,0.0,0.178,0.0,0.0,0.0,0.0,0.0,0.142,0.0,0.68
18-23,0.0,0.0,0.125,0.0,0.0,0.0,0.0,0.0,0.0,0.875
19-24,0.0,0.0,0.067,0.0,0.0,0.092,0.0,0.0,0.0,0.841
20-25,0.616,0.0,0.0,0.0,0.0,0.0,0.087,0.0,0.297,0.0
21-26,0.0,0.176,0.157,0.254,0.0,0.0,0.0,0.0,0.414,0.0
22-27,0.0,0.062,0.299,0.422,0.0,0.0,0.0,0.0,0.217,0.0
23-28,0.0,0.001,0.787,0.0,0.0,0.0,0.0,0.0,0.212,0.0
24-29,0.0,0.032,0.0,0.881,0.0,0.0,0.0,0.0,0.087,0.0
25-30,0.0,0.212,0.461,0.0,0.0,0.0,0.0,0.0,0.0,0.327
26-31,0.0,0.252,0.242,0.0,0.0,0.0,0.0,0.104,0.082,0.321
27-32,0.041,0.133,0.0,0.0,0.0,0.0,0.0,0.0,0.0,0.826
28-33,0.477,0.483,0.0,0.0,0.0,0.0,0.0,0.012,0.028,0.0
29-34,0.0,0.008,0.0,0.0,0.0,0.0,0.0,0.002,0.001,0.989
30-35,0.0,0.0,0.0,0.0,0.0,0.0,0.043,0.183,0.0,0.774
31-36,0.084,0.0,0.0,0.0,0.0,0.0,0.0,0.0,0.0,0.916
32-37,0.0,0.0,0.0,0.543,0.0,0.0,0.0,0.0,0.0,0.457
33-38,0.0,0.0,0.077,0.757,0.0,0.0,0.0,0.0,0.0,0.166
34-39,0.0,0.0,0.0,0.552,0.0,0.0,0.0,0.0,0.336,0.112
35-40,0.0,0.0,0.368,0.588,0.0,0.0,0.0,0.0,0.043,0.0
36-41,0.0,0.0,0.0,0.435,0.0,0.0,0.0,0.36,0.205,0.0
37-42,0.0,0.0,0.722,0.0,0.0,0.0,0.0,0.24,0.039,0.0
38-43,0.0,0.0,0.097,0.262,0.0,0.0,0.243,0.164,0.0,0.234
39-44,0.0,0.0,0.0,0.312,0.0,0.0,0.3,0.189,0.0,0.199
40-45,0.0,0.0,0.0,0.456,0.0,0.0,0.0,0.0,0.1,0.444
41-46,0.0,0.0,0.0,1.0,0.0,0.0,0.0,0.0,0.0,0.0
42-47,0.0,0.0,0.0,0.456,0.0,0.0,0.0,0.0,0.0,0.544
43-48,0.0,0.0,0.0,0.497,0.0,0.0,0.0,0.0,0.0,0.503
44-49,0.0,0.0,0.0,0.562,0.0,0.0,0.0,0.0,0.0,0.438
45-50,0.0,0.028,0.0,0.64,0.0,0.0,0.0,0.165,0.0,0.168
46-51,0.0,0.037,0.891,0.0,0.0,0.0,0.0,0.0,0.0,0.072
47-52,0.001,0.0,0.064,0.088,0.0,0.075,0.01,0.106,0.648,0.009
48-53,0.001,0.039,0.078,0.017,0.083,0.112,0.004,0.167,0.414,0.085
49-54,0.0,0.0,0.266,0.242,0.0,0.0,0.031,0.0,0.461,0.0
50-55,0.0,0.0,0.0,0.667,0.0,0.0,0.0,0.0,0.334,0.0
51-56,0.187,0.014,0.0,0.767,0.0,0.0,0.032,0.0,0.0,0.0
52-57,0.037,0.144,0.037,0.181,0.0,0.0,0.317,0.0,0.284,0.0
53-58,0.0,0.189,0.0,0.416,0.0,0.0,0.0,0.0,0.395,0.0
54-59,0.0,0.063,0.0,0.937,0.0,0.0,0.0,0.0,0.0,0.0
55-60,0.0,0.103,0.0,0.897,0.0,0.0,0.0,0.0,0.0,0.0
56-61,0.0,0.064,0.0,0.936,0.0,0.0,0.0,0.0,0.0,0.0
57-62,0.0,0.098,0.0,0.511,0.0,0.0,0.0,0.0,0.0,0.391
58-63,0.05,0.023,0.579,0.0,0.0,0.0,0.0,0.0,0.0,0.348
59-64,0.0,0.0,0.417,0.583,0.0,0.0,0.0,0.0,0.0,0.0
60-65,0.0,0.0,0.067,0.933,0.0,0.0,0.0,0.0,0.0,0.0
61-66,0.151,0.0,0.0,0.849,0.0,0.0,0.0,0.0,0.0,0.0
62-67,0.001,0.0,0.487,0.513,0.0,0.0,0.0,0.0,0.0,0.0
63-68,0.009,0.0,0.0,0.991,0.0,0.0,0.0,0.0,0.0,0.0
64-69,0.002,0.0,0.0,0.38,0.0,0.126,0.0,0.0,0.0,0.493
65-70,0.0,0.0,0.0,0.73,0.0,0.0,0.0,0.0,0.0,0.27
66-71,0.0,0.0,0.0,0.967,0.0,0.0,0.0,0.033,0.0,0.0
67-72,0.019,0.217,0.0,0.0,0.0,0.0,0.0,0.765,0.0,0.0
68-73,0.0,0.0,0.396,0.435,0.0,0.0,0.0,0.168,0.0,0.0
69-74,0.0,0.013,0.525,0.461,0.0,0.0,0.0,0.0,0.0,0.0
70-75,0.0,0.0,0.38,0.62,0.0,0.0,0.0,0.0,0.0,0.0
71-76,0.0,0.0,0.498,0.502,0.0,0.0,0.0,0.0,0.0,0.0
72-77,0.0,0.0,1.0,0.0,0.0,0.0,0.0,0.0,0.0,0.0
73-78,0.0,0.0,0.472,0.528,0.0,0.0,0.0,0.0,0.0,0.0
74-79,0.0,0.0,0.0,1.0,0.0,0.0,0.0,0.0,0.0,0.0
75-80,0.0,0.119,0.0,0.83,0.051,0.0,0.0,0.0,0.0,0.0
76-81,0.0,0.0,0.0,1.0,0.0,0.0,0.0,0.0,0.0,0.0
77-82,0.0,0.079,0.0,0.921,0.0,0.0,0.0,0.0,0.0,0.0
78-83,0.0,0.107,0.0,0.488,0.0,0.099,0.0,0.0,0.0,0.306
79-84,0.0,0.0,0.0,1.0,0.0,0.0,0.0,0.0,0.0,0.0
80-85,0.0,0.0,0.0,1.0,0.0,0.0,0.0,0.0,0.0,0.0
81-86,0.0,0.0,0.0,1.0,0.0,0.0,0.0,0.0,0.0,0.0
82-87,0.0,0.0,0.0,0.775,0.018,0.0,0.0,0.0,0.208,0.0
83-88,0.0,0.0,0.416,0.485,0.059,0.0,0.0,0.0,0.039,0.0
84-89,0.0,0.101,0.147,0.1,0.336,0.001,0.03,0.011,0.268,0.006
85-90,0.0,0.294,0.0,0.0,0.292,0.0,0.0,0.0,0.414,0.0
86-91,0.0,0.145,0.0,0.123,0.531,0.068,0.0,0.008,0.0,0.125
87-92,0.0,0.139,0.0,0.0,0.861,0.0,0.0,0.0,0.0,0.0
88-93,0.0,0.138,0.0,0.0,0.862,0.0,0.0,0.0,0.0,0.0
89-94,0.0,0.124,0.0,0.0,0.788,0.0,0.0,0.0,0.0,0.088
90-95,0.0,0.128,0.0,0.0,0.706,0.0,0.0,0.0,0.0,0.166
91-96,0.0,0.194,0.0,0.0,0.768,0.0,0.0,0.0,0.0,0.038
92-97,0.0,0.254,0.0,0.0,0.746,0.0,0.0,0.0,0.0,0.0
93-98,0.0,0.267,0.0,0.0,0.721,0.0,0.0,0.012,0.0,0.0
94-99,0.0,0.38,0.0,0.0,0.282,0.0,0.0,0.338,0.0,0.0
95-100,0.0,0.829,0.0,0.0,0.036,0.0,0.0,0.135,0.0,0.0
96-101,0.0,0.186,0.311,0.0,0.0,0.0,0.0,0.157,0.0,0.346
97-102,0.0,0.059,0.284,0.396,0.0,0.0,0.0,0.0,0.0,0.261
98-103,0.0,0.0,0.0,0.0,0.153,0.0,0.0,0.0,0.0,0.847
99-104,0.0,0.0,0.0,0.0,0.094,0.0,0.082,0.0,0.0,0.824
100-105,0.0,0.0,0.523,0.0,0.0,0.0,0.477,0.0,0.0,0.0
101-106,0.0,0.0,0.516,0.0,0.0,0.0,0.484,0.0,0.0,0.0
102-107,0.0,0.0,0.663,0.0,0.0,0.0,0.0,0.337,0.0,0.0
103-108,0.0,0.0,0.57,0.191,0.0,0.0,0.0,0.239,0.0,0.0
104-109,0.0,0.0,0.0,0.0,0.0,0.0,0.0,0.322,0.678,0.0
105-110,0.0,0.0,0.0,0.792,0.0,0.0,0.0,0.108,0.1,0.0
106-111,0.0,0.0,0.185,0.096,0.0,0.0,0.226,0.0,0.247,0.245
107-112,0.0,0.0,0.0,0.0,0.0,0.0,0.358,0.0,0.293,0.348
108-113,0.0,0.0,0.0,0.0,0.0,0.0,0.511,0.0,0.0,0.489
109-114,0.0,0.0,0.0,0.441,0.27,0.0,0.0,0.0,0.0,0.289
110-115,0.0,0.0,0.0,0.591,0.403,0.0,0.0,0.0,0.0,0.006
111-116,0.0,0.0,0.0,0.722,0.278,0.0,0.0,0.0,0.0,0.0
112-117,0.188,0.0,0.0,0.207,0.605,0.0,0.0,0.0,0.0,0.0
113-118,0.0,0.0,0.0,0.39,0.61,0.0,0.0,0.0,0.0,0.0
114-119,0.0,0.0,0.0,0.367,0.624,0.0,0.0,0.001,0.0,0.008
115-120,0.0,0.0,0.0,0.486,0.489,0.0,0.0,0.026,0.0,0.0
116-121,0.096,0.0,0.0,0.52,0.385,0.0,0.0,0.0,0.0,0.0
117-122,0.0,0.0,0.0,1.0,0.0,0.0,0.0,0.0,0.0,0.0
118-123,0.0,0.0,0.0,1.0,0.0,0.0,0.0,0.0,0.0,0.0
119-124,0.0,0.0,0.0,1.0,0.0,0.0,0.0,0.0,0.0,0.0
120-125,0.0,0.0,0.0,1.0,0.0,0.0,0.0,0.0,0.0,0.0
121-126,0.0,0.0,0.0,1.0,0.0,0.0,0.0,0.0,0.0,0.0
122-127,0.0,0.0,0.404,0.417,0.0,0.0,0.0,0.0,0.0,0.18
123-128,0.0,0.245,0.334,0.0,0.205,0.0,0.0,0.0,0.0,0.216
124-129,0.0,0.066,0.0,0.0,0.308,0.0,0.0,0.0,0.0,0.626
125-130,0.0,0.0,0.0,0.0,0.245,0.0,0.0,0.009,0.064,0.682
126-131,0.0,0.0,0.263,0.0,0.0,0.0,0.0,0.059,0.197,0.482
127-132,0.0,0.0,0.149,0.0,0.457,0.0,0.0,0.0,0.0,0.395
128-133,0.146,0.0,0.562,0.0,0.0,0.0,0.0,0.0,0.0,0.292
129-134,0.0,0.0,0.0,0.0,0.0,0.0,0.0,0.0,0.0,1.0
130-135,0.221,0.0,0.0,0.0,0.779,0.0,0.0,0.0,0.0,0.0
131-136,0.228,0.0,0.0,0.0,0.772,0.0,0.0,0.0,0.0,0.0
132-137,0.068,0.03,0.0,0.0,0.877,0.0,0.0,0.0,0.025,0.0
133-138,0.406,0.0,0.0,0.0,0.366,0.055,0.0,0.0,0.173,0.0
134-139,0.547,0.0,0.0,0.396,0.0,0.0,0.0,0.034,0.022,0.0
135-140,0.747,0.0,0.116,0.138,0.0,0.0,0.0,0.0,0.0,0.0
136-141,0.544,0.141,0.0,0.0,0.0,0.0,0.0,0.0,0.314,0.0
137-142,0.723,0.186,0.0,0.0,0.0,0.0,0.0,0.092,0.0,0.0
138-143,0.396,0.186,0.185,0.0,0.0,0.0,0.089,0.0,0.144,0.0
139-144,0.118,0.0,0.2,0.0,0.0,0.0,0.378,0.0,0.303,0.0
140-145,0.0,0.01,0.261,0.543,0.019,0.049,0.012,0.001,0.1,0.005
141-146,0.0,0.0,0.185,0.377,0.0,0.119,0.0,0.0,0.319,0.0
142-147,0.015,0.001,0.139,0.089,0.101,0.266,0.092,0.0,0.165,0.131
143-148,0.0,0.0,0.766,0.187,0.0,0.037,0.0,0.01,0.0,0.0
144-149,0.0,0.351,0.293,0.021,0.0,0.0,0.038,0.216,0.08,0.0
145-150,0.0,1.0,0.0,0.0,0.0,0.0,0.0,0.0,0.0,0.0
146-151,0.0,0.741,0.259,0.0,0.0,0.0,0.0,0.0,0.0,0.0
147-152,0.0,0.53,0.47,0.0,0.0,0.0,0.0,0.0,0.0,0.0
148-153,0.019,0.829,0.152,0.0,0.0,0.0,0.0,0.0,0.0,0.0
149-154,0.0,0.329,0.671,0.0,0.0,0.0,0.0,0.0,0.0,0.0
150-155,0.0,0.0,0.0,0.328,0.599,0.0,0.0,0.073,0.0,0.0
151-156,0.0,0.0,0.0,0.071,0.652,0.0,0.0,0.277,0.0,0.0
152-157,0.0,0.0,0.0,0.259,0.671,0.0,0.0,0.0,0.07,0.0
153-158,0.0,0.0,0.0,0.913,0.0,0.0,0.0,0.087,0.0,0.0
154-159,0.563,0.005,0.0,0.0,0.0,0.0,0.0,0.432,0.0,0.0
155-160,0.554,0.007,0.0,0.0,0.056,0.0,0.0,0.383,0.0,0.0
156-161,0.673,0.0,0.0,0.0,0.028,0.004,0.0,0.296,0.0,0.0
157-162,0.637,0.0,0.03,0.0,0.0,0.0,0.018,0.225,0.088,0.0
158-163,0.306,0.0,0.0,0.0,0.102,0.0,0.125,0.0,0.467,0.0
159-164,0.262,0.0,0.0,0.0,0.064,0.0,0.274,0.0,0.4,0.0
160-165,0.28,0.136,0.0,0.0,0.0,0.0,0.0,0.0,0.0,0.583
161-166,0.193,0.193,0.0,0.0,0.0,0.0,0.0,0.068,0.049,0.496
162-167,0.0,0.119,0.0,0.0,0.264,0.252,0.0,0.0,0.045,0.32
163-168,0.0,0.258,0.742,0.0,0.0,0.0,0.0,0.0,0.0,0.0
164-169,0.0,0.0,0.846,0.0,0.0,0.0,0.0,0.0,0.154,0.0
165-170,0.0,0.0,0.845,0.0,0.0,0.0,0.0,0.0,0.155,0.0
166-171,0.0,0.189,0.811,0.0,0.0,0.0,0.0,0.0,0.0,0.0
167-172,0.0,1.0,0.0,0.0,0.0,0.0,0.0,0.0,0.0,0.0
168-173,0.0,0.796,0.0,0.0,0.0,0.204,0.0,0.0,0.0,0.0
169-174,0.0,0.618,0.0,0.382,0.0,0.0,0.0,0.0,0.0,0.0
170-175,0.0,0.0,0.0,0.512,0.408,0.08,0.0,0.0,0.0,0.0
171-176,0.312,0.0,0.0,0.253,0.435,0.0,0.0,0.0,0.0,0.0
172-177,0.301,0.0,0.0,0.636,0.0,0.0,0.0,0.063,0.0,0.0
173-178,0.0,0.0,0.0,0.635,0.0,0.0,0.0,0.0,0.365,0.0
174-179,0.0,0.0,0.289,0.0,0.0,0.0,0.0,0.0,0.711,0.0
175-180,0.0,0.0,0.0,1.0,0.0,0.0,0.0,0.0,0.0,0.0
176-181,0.0,0.0,0.0,1.0,0.0,0.0,0.0,0.0,0.0,0.0
177-182,0.0,0.0,0.0,1.0,0.0,0.0,0.0,0.0,0.0,0.0
178-183,0.0,0.0,0.0,0.614,0.0,0.0,0.0,0.0,0.386,0.0
179-184,0.0,0.0,0.0,0.802,0.0,0.0,0.0,0.0,0.198,0.0
180-185,0.0,0.265,0.0,0.364,0.0,0.0,0.371,0.0,0.0,0.0
181-186,0.0,0.668,0.0,0.0,0.0,0.0,0.0,0.036,0.296,0.0
182-187,0.0,0.6,0.0,0.0,0.0,0.129,0.0,0.016,0.255,0.0
183-188,0.0,0.739,0.0,0.0,0.261,0.0,0.0,0.0,0.0,0.0
184-189,0.0,0.531,0.0,0.416,0.0,0.052,0.0,0.0,0.0,0.0
185-190,0.0,0.698,0.0,0.0,0.0,0.0,0.302,0.0,0.0,0.0
186-191,0.0,0.102,0.569,0.0,0.0,0.0,0.0,0.0,0.328,0.0
187-192,0.0,0.211,0.697,0.0,0.0,0.0,0.0,0.0,0.093,0.0
188-193,0.0,0.0,0.282,0.0,0.0,0.0,0.0,0.0,0.718,0.0
189-194,0.0,0.0,0.441,0.0,0.0,0.0,0.0,0.0,0.559,0.0
190-195,0.0,0.0,0.375,0.0,0.0,0.0,0.0,0.0,0.625,0.0
191-196,0.0,0.0,0.287,0.0,0.195,0.0,0.187,0.0,0.331,0.0
192-197,0.0,0.0,0.556,0.0,0.0,0.0,0.0,0.0,0.0,0.444
193-198,0.0,0.0,0.0,0.0,0.154,0.416,0.0,0.111,0.0,0.319
194-199,0.001,0.002,0.005,0.001,0.381,0.096,0.0,0.269,0.246,0.001
195-200,0.0,0.076,0.0,0.0,0.0,0.71,0.0,0.069,0.144,0.0
196-201,0.0,0.272,0.0,0.0,0.583,0.0,0.0,0.0,0.145,0.0
197-202,0.0,0.206,0.0,0.0,0.431,0.358,0.0,0.0,0.005,0.0
198-203,0.0,0.347,0.0,0.0,0.276,0.377,0.0,0.0,0.0,0.0
199-204,0.012,0.0,0.0,0.0,0.0,0.0,0.0,0.949,0.038,0.0
200-205,0.0,0.0,0.198,0.25,0.0,0.0,0.0,0.339,0.0,0.212
201-206,0.0,0.0,0.0,0.402,0.0,0.0,0.002,0.142,0.0,0.455
202-207,0.0,0.0,0.0,0.233,0.0,0.0,0.0,0.188,0.0,0.579
203-208,0.0,0.0,0.0,0.052,0.0,0.195,0.0,0.0,0.373,0.38
204-209,0.0,0.286,0.052,0.0,0.106,0.003,0.0,0.0,0.0,0.553
205-210,0.0,0.47,0.0,0.0,0.001,0.197,0.0,0.0,0.0,0.332
206-211,0.328,0.211,0.0,0.072,0.082,0.0,0.182,0.0,0.0,0.125
207-212,0.346,0.015,0.0,0.0,0.0,0.153,0.25,0.0,0.0,0.237
208-213,0.4,0.0,0.0,0.0,0.043,0.302,0.0,0.0,0.0,0.255
209-214,0.461,0.0,0.0,0.189,0.0,0.0,0.35,0.0,0.0,0.0
210-215,0.0,0.0,0.388,0.338,0.274,0.0,0.0,0.0,0.0,0.0
211-216,0.0,0.0,0.439,0.355,0.13,0.076,0.0,0.0,0.0,0.0
212-217,0.154,0.0,0.633,0.0,0.0,0.213,0.0,0.0,0.0,0.0
213-218,0.0,0.0,0.915,0.0,0.0,0.0,0.085,0.0,0.0,0.0
214-219,0.0,0.573,0.181,0.121,0.0,0.0,0.125,0.0,0.0,0.0
215-220,0.0,0.339,0.0,0.0,0.0,0.0,0.661,0.0,0.0,0.0
216-221,0.0,0.0,0.0,0.0,0.0,0.0,0.677,0.0,0.323,0.0
217-222,0.0,0.45,0.0,0.0,0.0,0.0,0.55,0.0,0.0,0.0
218-223,0.0,0.322,0.0,0.0,0.0,0.0,0.678,0.0,0.0,0.0
219-224,0.0,0.008,0.0,0.0,0.0,0.0,0.992,0.0,0.0,0.0
220-225,0.107,0.043,0.0,0.0,0.0,0.0,0.384,0.0,0.0,0.466
221-226,0.219,0.564,0.0,0.0,0.0,0.0,0.0,0.0,0.0,0.217
222-227,0.48,0.314,0.0,0.0,0.0,0.206,0.0,0.0,0.0,0.0
223-228,0.0,0.391,0.458,0.0,0.0,0.151,0.0,0.0,0.0,0.0
224-229,0.0,0.191,0.599,0.0,0.0,0.21,0.0,0.0,0.0,0.0
225-230,0.172,0.105,0.0,0.0,0.0,0.723,0.0,0.0,0.0,0.0
226-231,0.0,0.05,0.0,0.212,0.073,0.664,0.0,0.0,0.0,0.0
227-232,0.0,0.054,0.0,0.0,0.0,0.581,0.0,0.0,0.0,0.365
228-233,0.0,0.094,0.0,0.065,0.232,0.0,0.0,0.0,0.0,0.608
229-234,0.056,0.0,0.0,0.471,0.053,0.0,0.0,0.0,0.0,0.42
230-235,0.0,0.357,0.0,0.0,0.0,0.0,0.0,0.0,0.0,0.643
231-236,0.0,0.302,0.0,0.0,0.0,0.0,0.0,0.0,0.0,0.698
232-237,0.0,0.183,0.0,0.0,0.0,0.0,0.0,0.0,0.687,0.13
233-238,0.0,0.368,0.0,0.0,0.0,0.0,0.0,0.0,0.632,0.0
234-239,0.0,0.368,0.0,0.0,0.0,0.0,0.0,0.0,0.632,0.0
235-240,0.0,0.0,1.0,0.0,0.0,0.0,0.0,0.0,0.0,0.0
236-241,0.0,0.0,1.0,0.0,0.0,0.0,0.0,0.0,0.0,0.0
237-242,0.0,0.068,0.207,0.0,0.0,0.0,0.169,0.29,0.053,0.213
238-243,0.0,0.339,0.118,0.0,0.0,0.0,0.088,0.343,0.0,0.112
239-244,0.0,0.0,0.0,0.0,0.0,0.0,0.0,0.0,0.0,1.0
240-245,0.0,0.183,0.0,0.0,0.0,0.089,0.0,0.0,0.0,0.728
241-246,0.0,0.14,0.0,0.0,0.048,0.0,0.262,0.0,0.0,0.55
242-247,0.0,0.152,0.0,0.0,0.0,0.002,0.382,0.0,0.0,0.465
243-248,0.0,0.182,0.141,0.0,0.0,0.077,0.0,0.0,0.6,0.0
244-249,0.0,0.339,0.0,0.599,0.0,0.062,0.0,0.0,0.0,0.0
245-250,0.0,0.284,0.0,0.256,0.219,0.0,0.24,0.0,0.0,0.0
246-251,0.0,0.0,0.0,0.265,0.448,0.0,0.288,0.0,0.0,0.0
247-252,0.0,0.03,0.0,0.0,0.711,0.0,0.259,0.0,0.0,0.0
248-253,0.353,0.148,0.0,0.0,0.0,0.0,0.0,0.499,0.0,0.0
249-254,0.0,0.241,0.0,0.495,0.0,0.0,0.264,0.0,0.0,0.0
250-255,0.0,0.0,0.0,0.828,0.172,0.0,0.0,0.0,0.0,0.0
251-256,0.0,0.0,0.0,0.905,0.095,0.0,0.0,0.0,0.0,0.0
252-257,0.0,0.0,0.0,0.877,0.123,0.0,0.0,0.0,0.0,0.0
253-258,0.0,0.0,0.0,0.0,0.0,0.0,0.913,0.087,0.0,0.0
254-259,0.0,0.106,0.0,0.0,0.658,0.221,0.0,0.015,0.0,0.0
255-260,0.0,0.0,0.0,0.0,0.0,0.0,0.951,0.049,0.0,0.0
256-261,0.0,0.0,0.0,0.0,0.0,0.0,0.451,0.0,0.549,0.0
257-262,0.0,0.0,0.0,0.0,0.0,0.0,0.483,0.0,0.517,0.0
258-263,0.0,0.0,0.0,0.0,0.0,0.0,0.5,0.0,0.5,0.0
259-264,0.0,0.0,0.0,0.0,0.0,0.0,0.094,0.059,0.847,0.0
260-265,0.0,0.567,0.0,0.071,0.0,0.0,0.0,0.0,0.362,0.0
261-266,0.0,0.308,0.268,0.0,0.0,0.0,0.0,0.132,0.0,0.291
262-267,0.0,0.146,0.238,0.0,0.124,0.0,0.0,0.493,0.0,0.0
263-268,0.0,0.148,0.0,0.0,0.852,0.0,0.0,0.0,0.0,0.0
264-269,0.0,0.0,0.346,0.0,0.408,0.0,0.0,0.0,0.246,0.0
265-270,0.0,0.0,0.0,0.0,0.607,0.0,0.0,0.0,0.393,0.0
266-271,0.0,0.0,0.0,0.0,0.498,0.0,0.0,0.0,0.501,0.0
267-272,0.0,0.0,0.0,0.0,0.46,0.0,0.0,0.0,0.54,0.0
268-273,0.0,0.0,0.0,0.0,0.123,0.0,0.0,0.0,0.422,0.455
269-274,0.154,0.0,0.0,0.0,0.0,0.0,0.0,0.355,0.066,0.424
270-275,0.2,0.0,0.0,0.0,0.0,0.0,0.0,0.0,0.0,0.8
271-276,0.0,0.0,0.0,0.0,0.0,0.012,0.22,0.128,0.0,0.64
272-277,0.0,0.0,0.0,0.13,0.0,0.115,0.047,0.175,0.0,0.533
273-278,0.013,0.0,0.0,0.0,0.0,0.0,0.266,0.357,0.0,0.364
274-279,0.0,0.0,0.0,0.0,1.0,0.0,0.0,0.0,0.0,0.0
275-280,0.0,0.0,0.967,0.0,0.033,0.0,0.0,0.0,0.0,0.0
276-281,0.0,0.0,0.647,0.0,0.0,0.0,0.353,0.0,0.0,0.0
277-282,0.0,0.0,1.0,0.0,0.0,0.0,0.0,0.0,0.0,0.0
278-283,0.0,0.0,1.0,0.0,0.0,0.0,0.0,0.0,0.0,0.0
279-284,0.0,0.0,0.0,0.0,0.143,0.0,0.366,0.491,0.0,0.0
280-285,0.28,0.0,0.0,0.0,0.345,0.0,0.0,0.0,0.0,0.375
281-286,0.0,0.0,0.0,0.0,0.0,0.0,0.0,0.0,0.0,1.0
282-287,0.0,0.0,0.0,1.0,0.0,0.0,0.0,0.0,0.0,0.0
283-288,0.0,0.0,0.0,1.0,0.0,0.0,0.0,0.0,0.0,0.0
284-289,0.0,0.0,0.0,0.63,0.0,0.0,0.362,0.0,0.009,0.0
285-290,0.0,0.0,0.0,0.0,0.544,0.0,0.0,0.0,0.456,0.0
286-291,0.0,0.0,0.0,0.0,0.854,0.0,0.066,0.0,0.08,0.0
287-292,0.339,0.0,0.0,0.0,0.661,0.0,0.0,0.0,0.0,0.0
288-293,0.034,0.0,0.0,0.0,0.751,0.0,0.215,0.0,0.0,0.0
289-294,0.0,0.0,0.0,0.0,0.262,0.0,0.31,0.0,0.428,0.0
290-295,0.474,0.0,0.0,0.234,0.098,0.0,0.0,0.024,0.169,0.0
291-296,0.302,0.05,0.002,0.17,0.022,0.106,0.073,0.213,0.004,0.06
292-297,0.121,0.115,0.03,0.168,0.032,0.126,0.055,0.255,0.016,0.083
